[
  {
    "obj": "cube_3cm",
    "qs_cons": true,
    "qs_agg": true,
    "pose": [
      [
        0.024541,
        0.01,
        -0.999699,
        0.38765
      ],
      [
        -0.999699,
        0.0,
        -0.024541,
        -0.003
      ],
      [
        0.0,
        1.0,
        0.0,
        0.0185
      ],
      [
        0.0,
        0.0,
        0.0,
        1.0
      ]
    ],
    "qs_orig": true,
    "stable_pose": 3,
    "trial": 0,
    "result": true,
    "tf": [
      [
        0.8993107395887107,
        0.4371210719679113,
        -0.012880575589056508,
        0.04694304851303325
      ],
      [
        -0.4372938907515124,
        0.8986249747803642,
        -0.035308444853740586,
        0.13369060819569697
      ],
      [
        -0.0038591772193248106,
        0.03738550237209101,
        0.9992935387480014,
        -0.006244483631633636
      ],
      [
        0.0,
        0.0,
        0.0,
        1.0
      ]
    ],
    "grasp": [
      [
        -0.03947489457399337,
        0.9992185185211545,
        -0.0020211241331074066,
        0.406105672509206
      ],
      [
        0.9979400071584306,
        0.039526595467636684,
        0.05053108314067282,
        -0.006997062000264294
      ],
      [
        0.05057148219109159,
        -2.225145217352866e-05,
        -0.998720443714791,
        0.1804528343678924
      ],
      [
        0.0,
        0.0,
        0.0,
        1.0
      ]
    ],
    "attempt": 0
  },
  {
    "obj": "cube_3cm",
    "qs_cons": true,
    "qs_agg": true,
    "pose": [
      [
        0.024541,
        0.01,
        -0.999699,
        0.38765
      ],
      [
        -0.999699,
        0.0,
        -0.024541,
        -0.003
      ],
      [
        0.0,
        1.0,
        0.0,
        0.0185
      ],
      [
        0.0,
        0.0,
        0.0,
        1.0
      ]
    ],
    "qs_orig": true,
    "stable_pose": 3,
    "trial": 1,
    "result": true,
    "tf": [
      [
        -0.7397307109682628,
        -0.6728054159555367,
        -0.011434259828436646,
        0.6846731363070617
      ],
      [
        0.6727086800787063,
        -0.7390032009886737,
        -0.036584373318736825,
        -0.3060938885309566
      ],
      [
        0.016164287400095408,
        -0.03475414685172037,
        0.999265188292403,
        -0.014192143200599066
      ],
      [
        0.0,
        0.0,
        0.0,
        1.0
      ]
    ],
    "grasp": [
      [
        -0.03947489457399337,
        0.9992185185211545,
        -0.0020211241331074066,
        0.406105672509206
      ],
      [
        0.9979400071584306,
        0.039526595467636684,
        0.05053108314067282,
        -0.006997062000264294
      ],
      [
        0.05057148219109159,
        -2.225145217352866e-05,
        -0.998720443714791,
        0.1804528343678924
      ],
      [
        0.0,
        0.0,
        0.0,
        1.0
      ]
    ],
    "attempt": 0
  },
  {
    "obj": "cube_3cm",
    "qs_cons": true,
    "qs_agg": true,
    "pose": [
      [
        0.024541,
        0.01,
        -0.999699,
        0.38765
      ],
      [
        -0.999699,
        0.0,
        -0.024541,
        -0.003
      ],
      [
        0.0,
        1.0,
        0.0,
        0.0185
      ],
      [
        0.0,
        0.0,
        0.0,
        1.0
      ]
    ],
    "qs_orig": true,
    "stable_pose": 3,
    "trial": 2,
    "result": true,
    "tf": [
      [
        -0.9931195657229873,
        -0.11700611893576653,
        -0.004778478714236046,
        0.7844085380571402
      ],
      [
        0.11710396237806008,
        -0.9924009935873284,
        -0.037781560119495516,
        -0.09015669825605152
      ],
      [
        -0.00032120327454478843,
        -0.03808118891885277,
        0.9992744785548745,
        -0.007832593099741863
      ],
      [
        0.0,
        0.0,
        0.0,
        1.0
      ]
    ],
    "grasp": [
      [
        -0.03947489457399337,
        0.9992185185211545,
        -0.0020211241331074066,
        0.406105672509206
      ],
      [
        0.9979400071584306,
        0.039526595467636684,
        0.05053108314067282,
        -0.006997062000264294
      ],
      [
        0.05057148219109159,
        -2.225145217352866e-05,
        -0.998720443714791,
        0.1804528343678924
      ],
      [
        0.0,
        0.0,
        0.0,
        1.0
      ]
    ],
    "attempt": 0
  },
  {
    "obj": "cube_3cm",
    "qs_cons": true,
    "qs_agg": true,
    "pose": [
      [
        0.024541,
        0.01,
        -0.999699,
        0.38765
      ],
      [
        -0.999699,
        0.0,
        -0.024541,
        -0.003
      ],
      [
        0.0,
        1.0,
        0.0,
        0.0185
      ],
      [
        0.0,
        0.0,
        0.0,
        1.0
      ]
    ],
    "qs_orig": true,
    "stable_pose": 3,
    "trial": 3,
    "result": true,
    "tf": [
      [
        0.3368652783845054,
        -0.9414800416837017,
        -0.011672607955697804,
        0.25510605207730835
      ],
      [
        0.9403402948371951,
        0.3370344837452337,
        -0.04656727326484955,
        -0.4070949510804992
      ],
      [
        0.047776089023980964,
        0.004710483079262579,
        0.9988472263635669,
        -0.026506851016430247
      ],
      [
        0.0,
        0.0,
        0.0,
        1.0
      ]
    ],
    "grasp": [
      [
        -0.03947489457399337,
        0.9992185185211545,
        -0.0020211241331074066,
        0.406105672509206
      ],
      [
        0.9979400071584306,
        0.039526595467636684,
        0.05053108314067282,
        -0.006997062000264294
      ],
      [
        0.05057148219109159,
        -2.225145217352866e-05,
        -0.998720443714791,
        0.1804528343678924
      ],
      [
        0.0,
        0.0,
        0.0,
        1.0
      ]
    ],
    "attempt": 0
  },
  {
    "obj": "cube_3cm",
    "qs_cons": true,
    "qs_agg": true,
    "pose": [
      [
        0.024541,
        0.01,
        -0.999699,
        0.38765
      ],
      [
        -0.999699,
        0.0,
        -0.024541,
        -0.003
      ],
      [
        0.0,
        1.0,
        0.0,
        0.0185
      ],
      [
        0.0,
        0.0,
        0.0,
        1.0
      ]
    ],
    "qs_orig": true,
    "stable_pose": 3,
    "trial": 4,
    "result": true,
    "tf": [
      [
        -0.015720563992709602,
        0.9998755438667355,
        -0.0013194920214624636,
        0.401963626932092
      ],
      [
        -0.9995662757000323,
        -0.015747768026505113,
        -0.024905563761267756,
        0.34682927254880175
      ],
      [
        -0.024923109415140438,
        0.0009270918950969298,
        0.9996891363276582,
        0.0018473223978731558
      ],
      [
        0.0,
        0.0,
        0.0,
        1.0
      ]
    ],
    "grasp": [
      [
        -0.03947489457399337,
        0.9992185185211545,
        -0.0020211241331074066,
        0.406105672509206
      ],
      [
        0.9979400071584306,
        0.039526595467636684,
        0.05053108314067282,
        -0.006997062000264294
      ],
      [
        0.05057148219109159,
        -2.225145217352866e-05,
        -0.998720443714791,
        0.1804528343678924
      ],
      [
        0.0,
        0.0,
        0.0,
        1.0
      ]
    ],
    "attempt": 0
  },
  {
    "obj": "cube_3cm",
    "qs_cons": false,
    "qs_agg": false,
    "pose": [
      [
        -0.01,
        0.024541,
        -0.999699,
        0.38765
      ],
      [
        0.0,
        -0.999699,
        -0.024541,
        -0.003
      ],
      [
        -1.0,
        0.0,
        0.0,
        0.0185
      ],
      [
        0.0,
        0.0,
        0.0,
        1.0
      ]
    ],
    "qs_orig": false,
    "stable_pose": 0,
    "trial": 0,
    "result": false,
    "tf": [
      [
        -0.9492964347452687,
        0.31435119572034204,
        -0.004540378928611886,
        0.769960201006818
      ],
      [
        -0.3138225037496658,
        -0.9483659123395229,
        -0.0460156754883744,
        0.07094744580234072
      ],
      [
        -0.018771335626755068,
        -0.04225826956483815,
        0.9989300726204668,
        -0.0008317842082144053
      ],
      [
        0.0,
        0.0,
        0.0,
        1.0
      ]
    ],
    "grasp": [
      [
        -0.9969776743123847,
        0.07573466700900182,
        -0.017314073342342542,
        0.3856094379666733
      ],
      [
        0.0757233819394408,
        0.9971280059022851,
        0.001307391672650973,
        -0.02227745736756194
      ],
      [
        0.0173633622988745,
        -7.639879414748741e-06,
        -0.9998492454321853,
        0.17753574602913075
      ],
      [
        0.0,
        0.0,
        0.0,
        1.0
      ]
    ],
    "attempt": 1
  },
  {
    "obj": "cube_3cm",
    "qs_cons": true,
    "qs_agg": true,
    "pose": [
      [
        -0.01,
        0.024541,
        -0.999699,
        0.38765
      ],
      [
        0.0,
        -0.999699,
        -0.024541,
        -0.003
      ],
      [
        -1.0,
        0.0,
        0.0,
        0.0185
      ],
      [
        0.0,
        0.0,
        0.0,
        1.0
      ]
    ],
    "qs_orig": true,
    "stable_pose": 0,
    "trial": 1,
    "result": true,
    "tf": [
      [
        0.701772129515327,
        -0.7123128415122667,
        -0.01126152091172627,
        0.12276097216739533
      ],
      [
        0.7113293798643454,
        0.701494608610052,
        -0.043781705441561104,
        -0.3258411470446896
      ],
      [
        0.03908688350748286,
        0.022713882247397843,
        0.9989775480687141,
        -0.02322072310241846
      ],
      [
        0.0,
        0.0,
        0.0,
        1.0
      ]
    ],
    "grasp": [
      [
        -0.9969776743123847,
        0.07573466700900182,
        -0.017314073342342542,
        0.3856094379666733
      ],
      [
        0.0757233819394408,
        0.9971280059022851,
        0.001307391672650973,
        -0.02227745736756194
      ],
      [
        0.0173633622988745,
        -7.639879414748741e-06,
        -0.9998492454321853,
        0.17753574602913075
      ],
      [
        0.0,
        0.0,
        0.0,
        1.0
      ]
    ],
    "attempt": 1
  },
  {
    "obj": "cube_3cm",
    "qs_cons": true,
    "qs_agg": true,
    "pose": [
      [
        -0.01,
        0.024541,
        -0.999699,
        0.38765
      ],
      [
        0.0,
        -0.999699,
        -0.024541,
        -0.003
      ],
      [
        -1.0,
        0.0,
        0.0,
        0.0185
      ],
      [
        0.0,
        0.0,
        0.0,
        1.0
      ]
    ],
    "qs_orig": true,
    "stable_pose": 0,
    "trial": 2,
    "result": true,
    "tf": [
      [
        0.9984702734347027,
        0.05487468880370747,
        -0.006723385279607675,
        0.011870523148537048
      ],
      [
        -0.055107439678253954,
        0.9976232302523652,
        -0.04136163409912056,
        -0.027001360848288657
      ],
      [
        0.004437510376081932,
        0.04166864651668499,
        0.9991218430321859,
        -0.009729214309227373
      ],
      [
        0.0,
        0.0,
        0.0,
        1.0
      ]
    ],
    "grasp": [
      [
        -0.9969776743123847,
        0.07573466700900182,
        -0.017314073342342542,
        0.3856094379666733
      ],
      [
        0.0757233819394408,
        0.9971280059022851,
        0.001307391672650973,
        -0.02227745736756194
      ],
      [
        0.0173633622988745,
        -7.639879414748741e-06,
        -0.9998492454321853,
        0.17753574602913075
      ],
      [
        0.0,
        0.0,
        0.0,
        1.0
      ]
    ],
    "attempt": 1
  },
  {
    "obj": "cube_3cm",
    "qs_cons": true,
    "qs_agg": true,
    "pose": [
      [
        -0.01,
        0.024541,
        -0.999699,
        0.38765
      ],
      [
        0.0,
        -0.999699,
        -0.024541,
        -0.003
      ],
      [
        -1.0,
        0.0,
        0.0,
        0.0185
      ],
      [
        0.0,
        0.0,
        0.0,
        1.0
      ]
    ],
    "qs_orig": true,
    "stable_pose": 0,
    "trial": 3,
    "result": true,
    "tf": [
      [
        0.49794526161736063,
        -0.8671202623744823,
        -0.012355346947234848,
        0.18291742287979054
      ],
      [
        0.8658439825210326,
        0.4979098204654862,
        -0.048981704512539234,
        -0.3945510305042947
      ],
      [
        0.04862438229877889,
        0.013692043150612425,
        0.998723066082817,
        -0.027496736544214365
      ],
      [
        0.0,
        0.0,
        0.0,
        1.0
      ]
    ],
    "grasp": [
      [
        -0.9969776743123847,
        0.07573466700900182,
        -0.017314073342342542,
        0.3856094379666733
      ],
      [
        0.0757233819394408,
        0.9971280059022851,
        0.001307391672650973,
        -0.02227745736756194
      ],
      [
        0.0173633622988745,
        -7.639879414748741e-06,
        -0.9998492454321853,
        0.17753574602913075
      ],
      [
        0.0,
        0.0,
        0.0,
        1.0
      ]
    ],
    "attempt": 1
  },
  {
    "obj": "cube_3cm",
    "qs_cons": true,
    "qs_agg": true,
    "pose": [
      [
        -0.01,
        0.024541,
        -0.999699,
        0.38765
      ],
      [
        0.0,
        -0.999699,
        -0.024541,
        -0.003
      ],
      [
        -1.0,
        0.0,
        0.0,
        0.0185
      ],
      [
        0.0,
        0.0,
        0.0,
        1.0
      ]
    ],
    "qs_orig": true,
    "stable_pose": 0,
    "trial": 4,
    "result": true,
    "tf": [
      [
        -0.2995956030643125,
        0.9540659311453962,
        -0.0004590871489657654,
        0.5119468396561575
      ],
      [
        -0.9535935964501608,
        -0.2994618677045293,
        -0.031331840924654165,
        0.3321479388629663
      ],
      [
        -0.030030451940959362,
        -0.008948849791003879,
        0.9995093562364785,
        0.003906013383924295
      ],
      [
        0.0,
        0.0,
        0.0,
        1.0
      ]
    ],
    "grasp": [
      [
        -0.9969776743123847,
        0.07573466700900182,
        -0.017314073342342542,
        0.3856094379666733
      ],
      [
        0.0757233819394408,
        0.9971280059022851,
        0.001307391672650973,
        -0.02227745736756194
      ],
      [
        0.0173633622988745,
        -7.639879414748741e-06,
        -0.9998492454321853,
        0.17753574602913075
      ],
      [
        0.0,
        0.0,
        0.0,
        1.0
      ]
    ],
    "attempt": 1
  },
  {
    "obj": "cube_3cm",
    "qs_cons": true,
    "qs_agg": true,
    "pose": [
      [
        0.01,
        -0.024541,
        -0.999699,
        0.38765
      ],
      [
        0.0,
        0.999699,
        -0.024541,
        -0.003
      ],
      [
        1.0,
        0.0,
        0.0,
        0.0185
      ],
      [
        0.0,
        0.0,
        0.0,
        1.0
      ]
    ],
    "qs_orig": true,
    "stable_pose": 4,
    "trial": 0,
    "result": true,
    "tf": [
      [
        0.9979205715330732,
        0.06176320815520692,
        -0.01845530458936819,
        0.012505341334713455
      ],
      [
        -0.06214695940214076,
        0.9978460422631265,
        -0.02099064224710656,
        -0.018698855204979235
      ],
      [
        0.01711935761568003,
        0.022093396121746434,
        0.9996098388884381,
        -0.014329844667765159
      ],
      [
        0.0,
        0.0,
        0.0,
        1.0
      ]
    ],
    "grasp": [
      [
        -0.9991369188984469,
        -0.004158762997649269,
        0.041329432423487904,
        0.3852681441565107
      ],
      [
        -0.004154457985640708,
        0.9999913521424222,
        0.000190050560399079,
        -0.024076845138375123
      ],
      [
        -0.041329865387680804,
        1.8185140778301617e-05,
        -0.9991455559108176,
        0.18895340420112966
      ],
      [
        0.0,
        0.0,
        0.0,
        1.0
      ]
    ],
    "attempt": 2
  },
  {
    "obj": "cube_3cm",
    "qs_cons": false,
    "qs_agg": false,
    "pose": [
      [
        0.01,
        -0.024541,
        -0.999699,
        0.38765
      ],
      [
        0.0,
        0.999699,
        -0.024541,
        -0.003
      ],
      [
        1.0,
        0.0,
        0.0,
        0.0185
      ],
      [
        0.0,
        0.0,
        0.0,
        1.0
      ]
    ],
    "qs_orig": false,
    "stable_pose": 4,
    "trial": 1,
    "result": false,
    "tf": [
      [
        -0.8396414177727746,
        0.5428384583882596,
        -0.018133537651600872,
        0.7212651275671738
      ],
      [
        -0.5422712810770056,
        -0.8397182992626899,
        -0.02855958194423086,
        0.16392686249008556
      ],
      [
        -0.030729823065365137,
        -0.01414664525721405,
        0.999428128356616,
        0.0041093433943453946
      ],
      [
        0.0,
        0.0,
        0.0,
        1.0
      ]
    ],
    "grasp": [
      [
        -0.9991369188984469,
        -0.004158762997649269,
        0.041329432423487904,
        0.3852681441565107
      ],
      [
        -0.004154457985640708,
        0.9999913521424222,
        0.000190050560399079,
        -0.024076845138375123
      ],
      [
        -0.041329865387680804,
        1.8185140778301617e-05,
        -0.9991455559108176,
        0.18895340420112966
      ],
      [
        0.0,
        0.0,
        0.0,
        1.0
      ]
    ],
    "attempt": 2
  },
  {
    "obj": "cube_3cm",
    "qs_cons": false,
    "qs_agg": false,
    "pose": [
      [
        0.01,
        -0.024541,
        -0.999699,
        0.38765
      ],
      [
        0.0,
        0.999699,
        -0.024541,
        -0.003
      ],
      [
        1.0,
        0.0,
        0.0,
        0.0185
      ],
      [
        0.0,
        0.0,
        0.0,
        1.0
      ]
    ],
    "qs_orig": false,
    "stable_pose": 4,
    "trial": 2,
    "result": false,
    "tf": [
      [
        -0.10410679493082893,
        -0.9943194074595967,
        -0.02213977143550176,
        0.43081974638618364
      ],
      [
        0.9938640374425406,
        -0.10317181532286307,
        -0.039869881160152686,
        -0.4331759464990059
      ],
      [
        0.03735841089558266,
        -0.026155075916200594,
        0.9989594255719598,
        -0.022505139177372305
      ],
      [
        0.0,
        0.0,
        0.0,
        1.0
      ]
    ],
    "grasp": [
      [
        -0.9991369188984469,
        -0.004158762997649269,
        0.041329432423487904,
        0.3852681441565107
      ],
      [
        -0.004154457985640708,
        0.9999913521424222,
        0.000190050560399079,
        -0.024076845138375123
      ],
      [
        -0.041329865387680804,
        1.8185140778301617e-05,
        -0.9991455559108176,
        0.18895340420112966
      ],
      [
        0.0,
        0.0,
        0.0,
        1.0
      ]
    ],
    "attempt": 2
  },
  {
    "obj": "cube_3cm",
    "qs_cons": false,
    "qs_agg": false,
    "pose": [
      [
        0.01,
        -0.024541,
        -0.999699,
        0.38765
      ],
      [
        0.0,
        0.999699,
        -0.024541,
        -0.003
      ],
      [
        1.0,
        0.0,
        0.0,
        0.0185
      ],
      [
        0.0,
        0.0,
        0.0,
        1.0
      ]
    ],
    "qs_orig": false,
    "stable_pose": 4,
    "trial": 3,
    "result": false,
    "tf": [
      [
        -0.4978339886169772,
        -0.8668859011867591,
        -0.02586652870361372,
        0.5780103582175988
      ],
      [
        0.8671016928599921,
        -0.49692272780171387,
        -0.03467943831906183,
        -0.3752542871804155
      ],
      [
        0.017209003487905074,
        -0.039693605073416634,
        0.9990640287672756,
        -0.014545537646567732
      ],
      [
        0.0,
        0.0,
        0.0,
        1.0
      ]
    ],
    "grasp": [
      [
        -0.9991369188984469,
        -0.004158762997649269,
        0.041329432423487904,
        0.3852681441565107
      ],
      [
        -0.004154457985640708,
        0.9999913521424222,
        0.000190050560399079,
        -0.024076845138375123
      ],
      [
        -0.041329865387680804,
        1.8185140778301617e-05,
        -0.9991455559108176,
        0.18895340420112966
      ],
      [
        0.0,
        0.0,
        0.0,
        1.0
      ]
    ],
    "attempt": 2
  },
  {
    "obj": "cube_3cm",
    "qs_cons": false,
    "qs_agg": false,
    "pose": [
      [
        0.01,
        -0.024541,
        -0.999699,
        0.38765
      ],
      [
        0.0,
        0.999699,
        -0.024541,
        -0.003
      ],
      [
        1.0,
        0.0,
        0.0,
        0.0185
      ],
      [
        0.0,
        0.0,
        0.0,
        1.0
      ]
    ],
    "qs_orig": false,
    "stable_pose": 4,
    "trial": 4,
    "result": false,
    "tf": [
      [
        -0.7300306538261987,
        -0.6825966726341279,
        -0.033419782905033904,
        0.6595066756661279
      ],
      [
        0.6834145241899661,
        -0.729107328076116,
        -0.036694591499880656,
        -0.296495969110387
      ],
      [
        0.0006809627697778208,
        -0.04962757675449303,
        0.9987678732664732,
        -0.008088797048402254
      ],
      [
        0.0,
        0.0,
        0.0,
        1.0
      ]
    ],
    "grasp": [
      [
        -0.9991369188984469,
        -0.004158762997649269,
        0.041329432423487904,
        0.3852681441565107
      ],
      [
        -0.004154457985640708,
        0.9999913521424222,
        0.000190050560399079,
        -0.024076845138375123
      ],
      [
        -0.041329865387680804,
        1.8185140778301617e-05,
        -0.9991455559108176,
        0.18895340420112966
      ],
      [
        0.0,
        0.0,
        0.0,
        1.0
      ]
    ],
    "attempt": 2
  },
  {
    "obj": "cube_3cm",
    "qs_cons": true,
    "qs_agg": true,
    "pose": [
      [
        -0.01,
        0.024541,
        -0.999699,
        0.38765
      ],
      [
        0.0,
        -0.999699,
        -0.024541,
        -0.003
      ],
      [
        -1.0,
        0.0,
        0.0,
        0.0185
      ],
      [
        0.0,
        0.0,
        0.0,
        1.0
      ]
    ],
    "qs_orig": true,
    "stable_pose": 0,
    "trial": 0,
    "result": true,
    "tf": [
      [
        -0.11302260030022138,
        -0.9935911984754578,
        0.00136285031815679,
        0.4316840929130443
      ],
      [
        0.9919607275115105,
        -0.11291539685793055,
        -0.057131262034429225,
        -0.44387097730350067
      ],
      [
        0.056918969686834214,
        -0.005105048532410578,
        0.9983660743466601,
        -0.030422182254622027
      ],
      [
        0.0,
        0.0,
        0.0,
        1.0
      ]
    ],
    "grasp": [
      [
        -0.9994688715720416,
        -0.030350350952608237,
        -0.011867221897451886,
        0.39084691991560533
      ],
      [
        -0.03034814971975255,
        0.9995393219727591,
        -0.00036556644363366925,
        0.002509422966357608
      ],
      [
        0.011872849998940114,
        -5.224054001751978e-06,
        -0.9999295152187538,
        0.19700727341867302
      ],
      [
        0.0,
        0.0,
        0.0,
        1.0
      ]
    ],
    "attempt": 3
  },
  {
    "obj": "cube_3cm",
    "qs_cons": true,
    "qs_agg": true,
    "pose": [
      [
        -0.01,
        0.024541,
        -0.999699,
        0.38765
      ],
      [
        0.0,
        -0.999699,
        -0.024541,
        -0.003
      ],
      [
        -1.0,
        0.0,
        0.0,
        0.0185
      ],
      [
        0.0,
        0.0,
        0.0,
        1.0
      ]
    ],
    "qs_orig": true,
    "stable_pose": 0,
    "trial": 1,
    "result": true,
    "tf": [
      [
        0.9993329699182802,
        -0.02983433409086711,
        -0.021064450586569628,
        0.0072043898385741436
      ],
      [
        0.029387480299086617,
        0.9993418170647443,
        -0.021248371323017174,
        -0.05378799152852783
      ],
      [
        0.02168453933058398,
        0.020615222242066616,
        0.9995521722449537,
        -0.016198728949384514
      ],
      [
        0.0,
        0.0,
        0.0,
        1.0
      ]
    ],
    "grasp": [
      [
        -0.9994688715720416,
        -0.030350350952608237,
        -0.011867221897451886,
        0.39084691991560533
      ],
      [
        -0.03034814971975255,
        0.9995393219727591,
        -0.00036556644363366925,
        0.002509422966357608
      ],
      [
        0.011872849998940114,
        -5.224054001751978e-06,
        -0.9999295152187538,
        0.19700727341867302
      ],
      [
        0.0,
        0.0,
        0.0,
        1.0
      ]
    ],
    "attempt": 3
  },
  {
    "obj": "cube_3cm",
    "qs_cons": true,
    "qs_agg": true,
    "pose": [
      [
        -0.01,
        0.024541,
        -0.999699,
        0.38765
      ],
      [
        0.0,
        -0.999699,
        -0.024541,
        -0.003
      ],
      [
        -1.0,
        0.0,
        0.0,
        0.0185
      ],
      [
        0.0,
        0.0,
        0.0,
        1.0
      ]
    ],
    "qs_orig": true,
    "stable_pose": 0,
    "trial": 2,
    "result": true,
    "tf": [
      [
        0.8076741865696164,
        -0.589068811574568,
        -0.025703004466300305,
        0.07936299518592135
      ],
      [
        0.5882004014777541,
        0.807984297617571,
        -0.034374840479875816,
        -0.2717048286414201
      ],
      [
        0.04101709433293105,
        0.012645669715964016,
        0.9990784964943376,
        -0.023761096026207792
      ],
      [
        0.0,
        0.0,
        0.0,
        1.0
      ]
    ],
    "grasp": [
      [
        -0.9994688715720416,
        -0.030350350952608237,
        -0.011867221897451886,
        0.39084691991560533
      ],
      [
        -0.03034814971975255,
        0.9995393219727591,
        -0.00036556644363366925,
        0.002509422966357608
      ],
      [
        0.011872849998940114,
        -5.224054001751978e-06,
        -0.9999295152187538,
        0.19700727341867302
      ],
      [
        0.0,
        0.0,
        0.0,
        1.0
      ]
    ],
    "attempt": 3
  },
  {
    "obj": "cube_3cm",
    "qs_cons": true,
    "qs_agg": true,
    "pose": [
      [
        -0.01,
        0.024541,
        -0.999699,
        0.38765
      ],
      [
        0.0,
        -0.999699,
        -0.024541,
        -0.003
      ],
      [
        -1.0,
        0.0,
        0.0,
        0.0185
      ],
      [
        0.0,
        0.0,
        0.0,
        1.0
      ]
    ],
    "qs_orig": true,
    "stable_pose": 0,
    "trial": 3,
    "result": true,
    "tf": [
      [
        -0.1689539257133193,
        0.9854453817118658,
        -0.018745724080012304,
        0.46221016317554753
      ],
      [
        -0.9849307058957021,
        -0.16951814813522828,
        -0.0342859031936509,
        0.33656510709758297
      ],
      [
        -0.03696462523619002,
        0.0126706483479761,
        0.9992366903611538,
        0.006519017318004789
      ],
      [
        0.0,
        0.0,
        0.0,
        1.0
      ]
    ],
    "grasp": [
      [
        -0.9994688715720416,
        -0.030350350952608237,
        -0.011867221897451886,
        0.39084691991560533
      ],
      [
        -0.03034814971975255,
        0.9995393219727591,
        -0.00036556644363366925,
        0.002509422966357608
      ],
      [
        0.011872849998940114,
        -5.224054001751978e-06,
        -0.9999295152187538,
        0.19700727341867302
      ],
      [
        0.0,
        0.0,
        0.0,
        1.0
      ]
    ],
    "attempt": 3
  },
  {
    "obj": "cube_3cm",
    "qs_cons": true,
    "qs_agg": true,
    "pose": [
      [
        -0.01,
        0.024541,
        -0.999699,
        0.38765
      ],
      [
        0.0,
        -0.999699,
        -0.024541,
        -0.003
      ],
      [
        -1.0,
        0.0,
        0.0,
        0.0185
      ],
      [
        0.0,
        0.0,
        0.0,
        1.0
      ]
    ],
    "qs_orig": true,
    "stable_pose": 0,
    "trial": 4,
    "result": true,
    "tf": [
      [
        0.035140316206337424,
        0.9991764587023219,
        -0.02027921769255791,
        0.3839178312336946
      ],
      [
        -0.9987020656451492,
        0.03436096703557339,
        -0.03759380184699361,
        0.33535507583508883
      ],
      [
        -0.036865603955866764,
        0.021574169751515278,
        0.9990872059767684,
        0.006323068957193568
      ],
      [
        0.0,
        0.0,
        0.0,
        1.0
      ]
    ],
    "grasp": [
      [
        -0.9994688715720416,
        -0.030350350952608237,
        -0.011867221897451886,
        0.39084691991560533
      ],
      [
        -0.03034814971975255,
        0.9995393219727591,
        -0.00036556644363366925,
        0.002509422966357608
      ],
      [
        0.011872849998940114,
        -5.224054001751978e-06,
        -0.9999295152187538,
        0.19700727341867302
      ],
      [
        0.0,
        0.0,
        0.0,
        1.0
      ]
    ],
    "attempt": 3
  },
  {
    "obj": "cube_3cm",
    "qs_cons": true,
    "qs_agg": true,
    "pose": [
      [
        -0.024541,
        0.999699,
        -0.01,
        0.38765
      ],
      [
        0.999699,
        0.024541,
        0.0,
        -0.003
      ],
      [
        0.0,
        0.0,
        -1.0,
        0.0185
      ],
      [
        0.0,
        0.0,
        0.0,
        1.0
      ]
    ],
    "qs_orig": true,
    "stable_pose": 1,
    "trial": 0,
    "result": true,
    "tf": [
      [
        -0.017114006922794182,
        0.999792697718089,
        -0.01099959196058226,
        0.4057414587516235
      ],
      [
        -0.9995986932170351,
        -0.017357171083474485,
        -0.022371611681622057,
        0.3359632441176992
      ],
      [
        -0.02255770147517423,
        0.010611753557543981,
        0.9996888343827136,
        0.0007347951528742788
      ],
      [
        0.0,
        0.0,
        0.0,
        1.0
      ]
    ],
    "grasp": [
      [
        0.9959873651148163,
        0.07623222640785776,
        0.04688087231000522,
        0.3851367823843139
      ],
      [
        0.07614694232184102,
        -0.9970900898258331,
        0.0036049890632633757,
        -0.01835124328166544
      ],
      [
        0.04701926952516506,
        -2.0688478599857725e-05,
        -0.9988939822950715,
        0.17825376343559074
      ],
      [
        0.0,
        0.0,
        0.0,
        1.0
      ]
    ],
    "attempt": 4
  },
  {
    "obj": "cube_3cm",
    "qs_cons": false,
    "qs_agg": false,
    "pose": [
      [
        -0.024541,
        0.999699,
        -0.01,
        0.38765
      ],
      [
        0.999699,
        0.024541,
        0.0,
        -0.003
      ],
      [
        0.0,
        0.0,
        -1.0,
        0.0185
      ],
      [
        0.0,
        0.0,
        0.0,
        1.0
      ]
    ],
    "qs_orig": false,
    "stable_pose": 1,
    "trial": 1,
    "result": false,
    "tf": [
      [
        0.027835192371346663,
        -0.9995885189729532,
        -0.006972173088335219,
        0.37823395247040276
      ],
      [
        0.9983845498892203,
        0.028146205498072743,
        -0.04935354038899744,
        -0.43358235877173745
      ],
      [
        0.049529613880483395,
        -0.005587908420789236,
        0.9987564155100577,
        -0.02716359236888465
      ],
      [
        0.0,
        0.0,
        0.0,
        1.0
      ]
    ],
    "grasp": [
      [
        0.9959873651148163,
        0.07623222640785776,
        0.04688087231000522,
        0.3851367823843139
      ],
      [
        0.07614694232184102,
        -0.9970900898258331,
        0.0036049890632633757,
        -0.01835124328166544
      ],
      [
        0.04701926952516506,
        -2.0688478599857725e-05,
        -0.9988939822950715,
        0.17825376343559074
      ],
      [
        0.0,
        0.0,
        0.0,
        1.0
      ]
    ],
    "attempt": 4
  },
  {
    "obj": "cube_3cm",
    "qs_cons": true,
    "qs_agg": true,
    "pose": [
      [
        -0.024541,
        0.999699,
        -0.01,
        0.38765
      ],
      [
        0.999699,
        0.024541,
        0.0,
        -0.003
      ],
      [
        0.0,
        0.0,
        -1.0,
        0.0185
      ],
      [
        0.0,
        0.0,
        0.0,
        1.0
      ]
    ],
    "qs_orig": true,
    "stable_pose": 1,
    "trial": 2,
    "result": true,
    "tf": [
      [
        -0.9988782770658381,
        -0.046977140223402755,
        0.005879188962763214,
        0.7769902189086508
      ],
      [
        0.04667883199818655,
        -0.9979674461893864,
        -0.04338516206929472,
        -0.07116367294280039
      ],
      [
        0.007904680782184637,
        -0.043062730030341306,
        0.9990406601762324,
        -0.011301243911529377
      ],
      [
        0.0,
        0.0,
        0.0,
        1.0
      ]
    ],
    "grasp": [
      [
        0.9959873651148163,
        0.07623222640785776,
        0.04688087231000522,
        0.3851367823843139
      ],
      [
        0.07614694232184102,
        -0.9970900898258331,
        0.0036049890632633757,
        -0.01835124328166544
      ],
      [
        0.04701926952516506,
        -2.0688478599857725e-05,
        -0.9988939822950715,
        0.17825376343559074
      ],
      [
        0.0,
        0.0,
        0.0,
        1.0
      ]
    ],
    "attempt": 4
  },
  {
    "obj": "cube_3cm",
    "qs_cons": true,
    "qs_agg": true,
    "pose": [
      [
        -0.024541,
        0.999699,
        -0.01,
        0.38765
      ],
      [
        0.999699,
        0.024541,
        0.0,
        -0.003
      ],
      [
        0.0,
        0.0,
        -1.0,
        0.0185
      ],
      [
        0.0,
        0.0,
        0.0,
        1.0
      ]
    ],
    "qs_orig": true,
    "stable_pose": 1,
    "trial": 3,
    "result": true,
    "tf": [
      [
        -0.9761714422242478,
        -0.21700035113357738,
        0.0005085890746195969,
        0.7787311946817354
      ],
      [
        0.21685743487904535,
        -0.9756086066414305,
        -0.03408210692580822,
        -0.13754294332911643
      ],
      [
        0.007892099372915783,
        -0.03315980750954248,
        0.9994186042238011,
        -0.011158693468129281
      ],
      [
        0.0,
        0.0,
        0.0,
        1.0
      ]
    ],
    "grasp": [
      [
        0.9959873651148163,
        0.07623222640785776,
        0.04688087231000522,
        0.3851367823843139
      ],
      [
        0.07614694232184102,
        -0.9970900898258331,
        0.0036049890632633757,
        -0.01835124328166544
      ],
      [
        0.04701926952516506,
        -2.0688478599857725e-05,
        -0.9988939822950715,
        0.17825376343559074
      ],
      [
        0.0,
        0.0,
        0.0,
        1.0
      ]
    ],
    "attempt": 4
  },
  {
    "obj": "cube_3cm",
    "qs_cons": true,
    "qs_agg": true,
    "pose": [
      [
        -0.024541,
        0.999699,
        -0.01,
        0.38765
      ],
      [
        0.999699,
        0.024541,
        0.0,
        -0.003
      ],
      [
        0.0,
        0.0,
        -1.0,
        0.0185
      ],
      [
        0.0,
        0.0,
        0.0,
        1.0
      ]
    ],
    "qs_orig": true,
    "stable_pose": 1,
    "trial": 4,
    "result": true,
    "tf": [
      [
        -0.9659789440599835,
        0.2585689857646797,
        -0.0052329042714103855,
        0.7700023634473396
      ],
      [
        -0.2582433593911509,
        -0.965463370355765,
        -0.034506222166475836,
        0.04740472287524804
      ],
      [
        -0.013974357879050787,
        -0.03198101213082273,
        0.9993902164598593,
        -0.0027601902360244344
      ],
      [
        0.0,
        0.0,
        0.0,
        1.0
      ]
    ],
    "grasp": [
      [
        0.9959873651148163,
        0.07623222640785776,
        0.04688087231000522,
        0.3851367823843139
      ],
      [
        0.07614694232184102,
        -0.9970900898258331,
        0.0036049890632633757,
        -0.01835124328166544
      ],
      [
        0.04701926952516506,
        -2.0688478599857725e-05,
        -0.9988939822950715,
        0.17825376343559074
      ],
      [
        0.0,
        0.0,
        0.0,
        1.0
      ]
    ],
    "attempt": 4
  },
  {
    "obj": "cube_3cm",
    "qs_cons": true,
    "qs_agg": true,
    "pose": [
      [
        -0.024541,
        0.999699,
        -0.01,
        0.38765
      ],
      [
        0.999699,
        0.024541,
        0.0,
        -0.003
      ],
      [
        0.0,
        0.0,
        -1.0,
        0.0185
      ],
      [
        0.0,
        0.0,
        0.0,
        1.0
      ]
    ],
    "qs_orig": true,
    "stable_pose": 1,
    "trial": 0,
    "result": true,
    "tf": [
      [
        0.6904567747552209,
        -0.7231430995063486,
        -0.01826102927838829,
        0.1274999519419672
      ],
      [
        0.7221848185754853,
        0.6905490981254592,
        -0.03989359155106725,
        -0.33604802884760476
      ],
      [
        0.04145885984577718,
        0.01435741423331202,
        0.9990374522833729,
        -0.024351675845888588
      ],
      [
        0.0,
        0.0,
        0.0,
        1.0
      ]
    ],
    "grasp": [
      [
        0.021940284973401954,
        -0.999759254191701,
        0.00023990277172756568,
        0.39082049907916416
      ],
      [
        -0.9997018209991404,
        -0.021941596017853577,
        -0.010716130607268698,
        -0.010307854795269196
      ],
      [
        0.010718814593444622,
        -4.716278423118341e-06,
        -0.9999425518455888,
        0.1760627545976595
      ],
      [
        0.0,
        0.0,
        0.0,
        1.0
      ]
    ],
    "attempt": 5
  },
  {
    "obj": "cube_3cm",
    "qs_cons": true,
    "qs_agg": true,
    "pose": [
      [
        -0.024541,
        0.999699,
        -0.01,
        0.38765
      ],
      [
        0.999699,
        0.024541,
        0.0,
        -0.003
      ],
      [
        0.0,
        0.0,
        -1.0,
        0.0185
      ],
      [
        0.0,
        0.0,
        0.0,
        1.0
      ]
    ],
    "qs_orig": true,
    "stable_pose": 1,
    "trial": 1,
    "result": true,
    "tf": [
      [
        -0.9204028704532808,
        -0.39091055240881317,
        -0.006894584814046445,
        0.7563524160961689
      ],
      [
        0.3907688149700648,
        -0.9192159373330081,
        -0.04839510373269255,
        -0.20573596637065192
      ],
      [
        0.012580715450713032,
        -0.047237445331391986,
        0.9988041810319694,
        -0.013077624434508123
      ],
      [
        0.0,
        0.0,
        0.0,
        1.0
      ]
    ],
    "grasp": [
      [
        0.021940284973401954,
        -0.999759254191701,
        0.00023990277172756568,
        0.39082049907916416
      ],
      [
        -0.9997018209991404,
        -0.021941596017853577,
        -0.010716130607268698,
        -0.010307854795269196
      ],
      [
        0.010718814593444622,
        -4.716278423118341e-06,
        -0.9999425518455888,
        0.1760627545976595
      ],
      [
        0.0,
        0.0,
        0.0,
        1.0
      ]
    ],
    "attempt": 5
  },
  {
    "obj": "cube_3cm",
    "qs_cons": true,
    "qs_agg": true,
    "pose": [
      [
        -0.024541,
        0.999699,
